Prob00 = 0.04671799110844864
Prob01 = 0.09982453503652479
Prob02 = 0.10664989609812518
Prob03 = 0.07596128769731936
Prob04 = 0.04057751652654697
Prob05 = 0.017340778676876462
Prob06 = 0.006175476611612516
Prob07 = 0.0018850617342688824
Prob08 = 0.0005034875394730585
Prob09 = 0.00011953617470863078
Prob10 = 0.04330191438434264
Prob11 = 0.09252524278225431
Prob12 = 0.09885152508419595
Prob13 = 0.07040690531316318
Prob14 = 0.03761043882394224
Prob15 = 0.016072799703242067
Prob16 = 0.005723918198832745
Prob17 = 0.001747223711675178
Prob18 = 0.0004666719139792587
Prob19 = 0.0001107955432212256
Prob20 = 0.020067812686939874
Prob21 = 0.042879841858430634
Prob22 = 0.04581169025462932
Prob23 = 0.03262933308561895
Prob24 = 0.017430158738325766
Prob25 = 0.007448768452509635
Prob26 = 0.002652689145103384
Prob27 = 0.0008097322870500059
Prob28 = 0.00021627414605433158
Prob29 = 5.134701870629685e-05
Prob30 = 0.006200143215588359
Prob31 = 0.013248138435987733
Prob32 = 0.01415396111962555
Prob33 = 0.010081145430046502
Prob34 = 0.0053852147283789545
Prob35 = 0.0023013684603191645
Prob36 = 0.0008195737553789988
Prob37 = 0.00025017455685458196
Prob38 = 6.681997187658659e-05
Prob39 = 1.5864153938397225e-05
Prob40 = 0.0014366952876293385
Prob41 = 0.0030698545822281484
Prob42 = 0.0032797515371465868
Prob43 = 0.0023359999325240494
Prob44 = 0.0012478603080783776
Prob45 = 0.0005332723950192777
Prob46 = 0.00018991137966898588
Prob47 = 5.797037171884561e-05
Prob48 = 1.5483503425090966e-05
Prob49 = 3.6760368935056722e-06
Prob50 = 0.00026632847374322805
Prob51 = 0.0005690766111216011
Prob52 = 0.0006079864176255403
Prob53 = 0.00043303775132442997
Prob54 = 0.00023132304682620442
Prob55 = 9.885577288224674e-05
Prob56 = 3.520496540165506e-05
Prob57 = 1.0746301428804424e-05
Prob58 = 2.870266138484348e-06
Prob59 = 6.814481147819772e-07
Prob60 = 4.114236826297783e-05
Prob61 = 8.791083873061719e-05
Prob62 = 9.392161769738166e-05
Prob63 = 6.689558343633367e-05
Prob64 = 3.573473705786879e-05
Prob65 = 1.5271219617185633e-05
Prob66 = 5.438455869486672e-06
Prob67 = 1.6600864512710724e-06
Prob68 = 4.4339812721688395e-07
Prob69 = 1.0526996567968345e-07
Prob70 = 5.447712558520955e-06
Prob71 = 1.1640384362945045e-05
Prob72 = 1.2436279141156005e-05
Prob73 = 8.857728064323258e-06
Prob74 = 4.731681331547777e-06
Prob75 = 2.0220813337898095e-06
Prob76 = 7.201127594257786e-07
Prob77 = 2.1981412812732763e-07
Prob78 = 5.871090187673264e-08
Prob79 = 1.3938928123987718e-08
Prob80 = 6.311711430720162e-07
Prob81 = 1.3486531503329475e-06
Prob82 = 1.4408653974976266e-06
Prob83 = 1.0262550175550867e-06
Prob84 = 5.482118747279061e-07
Prob85 = 2.3427803378436857e-07
Prob86 = 8.343215406925075e-08
Prob87 = 2.5467631234782288e-08
Prob88 = 6.802236103732157e-09
Prob89 = 1.6149620786168286e-09
Prob90 = 6.500212623471283e-08
Prob91 = 1.3889310892463095e-07
Prob92 = 1.4838972833820433e-07
Prob93 = 1.0569044376053128e-07
Prob94 = 5.6458439007510204e-08
Prob95 = 2.4127481893344847e-08
Prob96 = 8.592388087401288e-09
Prob97 = 2.62282298326422e-09
Prob98 = 7.005386965903615e-10
Prob99 = 1.6631934151423588e-10
